18
ffgefhbfhhhgafdcdhhabee
101
1 6 1 7 7 1 10 6 6 3 2 13 1 18 7 4 4 4 1 20 10 6 2 23 7 5 4 3 1 26 15 10 9 1 28 9 3 3 1 33 12 11 2 34 1 38 2 39 6 6 6 1 42 30 6 3 3 2 47 21 1 49 46 41 24 22 11 9 7 5 1 51 7 7 7 5 1 55 39 8 2 60 23 9 6 4 1 63 17 5 3 1 66 14 7 1 68 36 23 1 71 
edahehccfgadgcdgacedcbb
13
4 3 2 5 5 3 1 9 1 12 8 1 15 
cceebahfafchceehe
1
5 
gbcdadehcaahgede
80
2 5 2 8 8 3 2 12 4 4 4 4 1 14 12 3 1 18 18 13 1 21 11 8 5 4 4 3 1 25 24 20 16 14 13 3 2 26 9 3 2 29 18 14 13 2 30 20 15 9 6 6 1 33 16 8 6 6 5 2 35 8 2 37 28 6 1 38 32 1 40 26 19 14 4 4 4 4 1 43 
eaafdefaechefgccbbgb
22
4 4 1 9 5 2 11 5 5 5 4 3 1 13 9 7 1 15 12 4 2 16 
dbfecchagfd
1
2 
beagafccffdddghddfhghdddcae
99
1 5 1 10 2 14 8 2 17 14 3 3 1 19 7 3 2 21 9 1 24 4 2 27 17 9 4 1 32 8 3 2 35 6 3 3 1 37 9 2 39 12 2 41 17 17 11 3 1 46 34 21 12 2 50 27 1 54 53 23 8 5 5 3 2 59 10 3 1 61 4 3 1 65 34 10 8 5 4 4 2 66 8 3 1 71 37 32 11 4 1 73 14 5 3 3 3 1 75 
dehbfcdgbbd
100
1 5 4 2 10 10 5 2 12 5 3 2 17 2 20 6 2 24 14 8 5 1 25 1 28 9 9 4 4 1 31 19 8 2 33 30 7 1 38 1 39 10 6 2 41 34 21 2 45 23 8 1 50 15 8 4 2 52 5 5 3 1 55 15 11 1 56 34 15 11 10 1 58 32 26 24 22 13 2 59 52 25 14 3 1 61 27 26 12 10 3 2 64 35 18 1 66 5 1 67 
bhfbefagad
90
3 2 8 4 3 1 12 12 2 16 13 12 7 5 2 20 10 9 8 4 1 21 11 7 4 3 3 3 1 22 13 4 3 1 23 21 13 13 3 1 25 13 6 6 4 3 1 30 20 6 5 2 34 18 10 8 8 8 1 35 29 1 39 4 2 44 28 4 2 48 35 7 1 53 39 7 1 55 1 59 39 19 10 6 4 2 62 8 2 67 
bheabadbffffhgdahgfh
53
2 7 2 10 1 14 6 5 1 16 8 4 4 4 1 21 1 22 21 21 8 3 3 1 27 3 3 3 3 2 28 28 27 11 2 33 21 12 11 5 1 36 19 13 5 4 1 39 28 5 3 1 41 
faadegeafeabh
113
2 4 3 3 1 9 3 1 10 6 5 4 1 15 9 6 2 16 9 8 5 4 3 1 18 1 21 19 3 3 1 23 8 7 4 3 2 24 6 2 26 18 10 3 3 2 31 27 9 5 4 1 36 5 5 5 4 2 37 23 8 6 3 2 39 24 23 2 43 39 4 3 3 1 45 30 21 3 3 1 46 29 11 4 2 50 25 4 4 3 1 54 51 46 25 24 17 12 6 4 4 2 59 35 25 21 6 5 3 3 3 2 61 
gededcfbdhbefcbcegc
54
3 3 3 3 3 1 4 2 9 8 2 13 2 15 15 2 19 7 4 3 1 21 21 6 4 1 24 22 5 2 27 9 4 4 4 2 29 7 7 3 3 1 31 8 3 3 2 36 10 7 2 41 1 43 
cecghhgaeachbbeaehc
76
4 3 3 1 6 4 3 2 8 7 5 3 2 9 2 11 3 3 3 2 14 3 2 16 3 3 3 1 19 12 11 2 20 2 22 2 23 20 6 5 2 26 15 14 6 4 3 3 1 27 12 11 10 8 1 31 23 10 7 1 32 9 9 3 1 33 31 16 6 1 34 27 24 23 1 39 
gfbebfedhfhgah
34
5 4 2 9 8 6 3 2 10 2 15 14 12 6 2 18 15 7 7 7 7 5 2 19 11 3 1 21 2 24 18 13 1 29 
hfffdgcfdhggdf
43
2 7 5 2 10 7 3 1 15 10 1 19 15 2 21 18 9 8 6 2 24 13 1 26 15 12 5 2 28 22 10 9 3 1 31 23 13 12 11 7 3 2 33 
fhfbggfabhebec
74
4 1 5 2 7 1 10 9 3 1 14 1 16 15 14 13 3 1 18 17 8 6 2 19 7 2 20 3 2 21 20 6 6 2 22 20 13 10 5 3 2 27 7 1 32 25 25 14 3 1 37 33 19 12 3 3 3 3 2 42 20 15 4 1 46 2 50 44 43 28 7 3 2 54 
aageegdafagdad
41
4 4 2 9 8 5 3 3 3 2 10 4 3 1 15 5 1 16 6 6 1 17 9 8 3 1 18 4 1 19 12 1 23 7 1 26 21 11 3 2 27 
adbefedeafebhabbeadbfhcgchdg
28
1 5 1 9 8 6 2 11 10 5 1 16 8 7 2 18 14 13 8 7 3 2 20 6 3 3 2 22 
fhfbggfabhebec
adbefedeafebhabbeadbfhcgchdg
