12
cafededbhadhedhfdbedb
55
4 3 2 5 4 1 7 3 3 2 10 7 1 12 2 17 17 5 3 1 19 2 21 1 26 15 12 9 1 30 12 10 5 3 1 34 19 15 11 9 7 1 38 34 21 17 2 39 39 21 1 42 28 2 45 
ecaedhfcebehhfgfbbged
162
3 1 8 1 10 3 2 15 12 6 1 17 2 18 8 2 21 5 3 1 26 20 7 3 2 27 24 6 2 28 2 32 8 7 6 5 5 1 36 14 12 4 3 1 40 27 23 4 1 44 21 11 8 7 7 2 48 18 4 4 3 1 53 33 30 18 15 11 8 3 1 57 45 17 3 3 2 58 22 8 2 62 29 1 65 21 17 3 1 69 37 2 74 41 28 11 11 1 75 60 30 14 5 4 1 78 53 4 2 83 60 40 12 9 2 87 33 4 4 3 3 3 3 3 2 89 36 15 1 90 16 4 2 92 49 3 2 97 5 1 102 69 29 7 3 2 104 18 6 5 4 4 1 108 70 65 22 6 6 3 1 110 
heeddafggdbceca
145
5 2 9 5 4 4 3 2 10 10 7 6 5 3 1 11 7 7 6 1 13 8 6 4 1 15 7 5 4 4 2 17 5 4 4 4 4 2 18 7 1 19 15 7 7 6 4 2 24 18 5 2 29 5 5 3 2 31 27 26 24 23 9 1 32 18 10 8 7 7 2 36 29 22 13 13 1 37 27 24 2 39 28 16 2 41 19 18 10 10 7 5 3 3 3 2 42 1 44 23 12 9 4 4 1 46 24 21 21 6 2 48 19 6 1 50 5 4 3 1 51 33 16 3 2 52 6 4 2 55 27 14 2 56 28 14 4 4 1 58 40 24 7 1 59 
bcabgbedbdfdgaahdhfaedbccbfb
124
3 3 3 3 2 8 8 3 2 9 6 5 4 4 3 2 13 11 9 9 8 4 1 14 4 4 2 18 7 2 22 22 8 8 1 27 25 10 8 2 30 13 2 34 28 13 7 4 3 2 35 5 5 3 1 37 27 1 39 30 22 8 6 6 5 3 3 1 41 22 1 46 13 1 47 31 6 4 3 1 51 3 2 55 21 17 8 2 57 4 2 61 13 3 2 65 62 1 69 17 4 4 3 1 73 31 12 2 74 39 34 31 19 5 4 3 2 76 11 6 5 4 1 79 
ghaadcfabcabh
132
1 4 4 1 8 1 9 5 4 3 1 14 14 13 12 9 8 8 3 3 2 18 6 6 2 19 14 4 2 23 16 5 4 1 26 7 4 4 2 31 17 8 7 6 5 1 34 21 15 3 2 39 26 21 11 10 5 4 2 44 14 8 6 3 2 45 12 11 10 6 2 48 5 2 50 11 2 54 31 9 4 4 1 55 7 7 4 3 3 1 57 55 2 58 48 33 29 1 59 20 12 12 10 4 1 64 52 24 9 1 69 33 30 11 3 1 70 69 45 8 6 6 2 72 50 24 2 77 50 46 2 82 
dcgfhbfahccbcgdaadcbf
174
5 3 1 7 7 7 6 5 5 5 1 10 7 3 2 13 8 3 2 14 3 1 15 3 3 1 20 19 11 5 4 4 3 1 25 3 3 2 30 11 1 34 19 7 4 4 4 1 35 31 27 26 21 11 8 8 2 36 32 5 5 5 3 2 41 8 7 6 5 3 1 44 28 23 5 3 1 45 33 29 21 9 4 2 47 22 21 14 2 49 3 3 1 53 34 22 14 3 3 3 1 56 50 38 24 22 15 14 13 12 7 6 3 1 60 5 4 3 1 63 10 4 3 1 68 64 25 6 2 71 9 3 2 74 39 18 13 9 5 2 77 30 30 30 3 3 1 82 38 28 12 7 3 1 85 64 14 12 9 9 2 90 50 22 17 6 6 3 3 2 94 39 2 95 
hghbfcbgfcgcgfdehbfaaafadbcba
154
2 3 3 2 6 4 3 2 11 2 16 9 8 7 7 6 6 6 2 21 7 5 3 1 23 5 1 27 9 6 5 2 28 18 9 5 4 1 30 22 17 7 5 5 2 33 33 4 1 37 33 29 17 12 1 39 13 11 1 41 25 17 3 1 42 7 5 1 43 18 1 46 17 6 1 50 42 24 9 4 4 3 1 55 9 7 4 2 59 22 5 1 62 27 21 11 7 2 65 17 15 1 66 26 9 7 4 3 1 68 34 23 14 2 70 41 22 14 7 1 73 28 16 13 5 5 1 77 20 17 8 3 1 80 78 77 53 23 9 4 4 3 1 82 60 39 34 1 84 26 19 15 2 87 
cechdcbhdfdhgd
132
4 1 6 5 4 3 1 8 4 2 13 6 5 1 14 13 6 4 1 19 11 1 22 14 12 9 4 2 24 3 2 28 26 2 31 19 15 8 7 2 35 11 9 7 4 4 2 37 36 25 23 9 3 1 42 11 7 5 5 1 43 26 6 3 1 44 35 4 3 1 47 39 4 3 2 52 14 14 14 13 11 1 53 50 2 56 16 14 1 60 55 33 33 24 20 1 63 26 19 12 5 3 2 66 37 21 8 8 5 4 2 68 16 5 5 2 69 59 46 33 4 2 71 22 21 9 2 74 10 3 1 76 
dahbdacdbaadacccebehefc
93
4 2 7 3 2 9 1 14 13 11 9 2 16 3 1 18 9 5 2 23 16 10 9 1 27 21 5 4 1 30 2 33 1 38 31 26 25 3 1 40 5 4 1 41 1 43 8 7 3 3 3 2 45 17 16 16 8 7 1 50 39 9 7 4 3 2 55 12 4 2 56 51 41 26 16 10 1 61 58 40 27 7 6 2 63 46 4 2 64 30 4 1 67 
cgegagcgcdeaceddgc
55
3 1 5 2 7 6 2 9 9 9 1 10 5 5 1 13 9 5 3 2 15 2 20 8 7 3 3 2 23 2 25 20 12 8 2 27 27 8 2 30 22 10 1 34 1 35 33 16 6 1 40 37 12 2 45 
dfbffggebffhccefcgegbegadfcb
149
4 3 1 5 2 10 3 2 11 10 3 3 2 13 10 10 10 1 16 6 1 19 19 5 3 1 24 23 13 6 6 3 2 26 6 5 1 28 10 2 32 22 12 9 6 4 3 3 3 3 2 36 9 5 3 1 37 2 39 23 22 2 44 35 26 22 1 49 24 8 7 6 1 53 44 23 13 3 2 57 57 51 27 25 2 62 6 2 64 20 9 6 5 4 4 3 3 2 66 56 14 11 7 3 1 68 58 16 8 3 3 2 71 27 14 13 11 1 73 5 4 3 3 1 77 47 29 9 9 8 5 5 3 1 78 58 3 2 83 11 8 5 3 1 87 55 3 2 91 
cbgcahhacefheaea
82
4 3 3 3 2 6 3 2 11 2 12 12 6 3 3 2 13 4 1 14 4 4 2 16 14 11 11 11 8 4 4 4 2 19 13 12 4 1 21 6 2 22 16 2 23 21 1 25 4 4 4 2 27 15 7 7 7 2 28 21 5 5 4 3 2 30 29 26 9 4 2 34 21 15 12 8 7 5 3 3 1 39 
hghbfcbgfcgcgfdehbfaaafadbcba
dcgfhbfahccbcgdaadcbf
