18
fcbfcdcaaccbcbfec
130
4 3 2 7 7 3 1 10 4 1 14 5 1 19 16 9 1 20 13 6 6 3 2 24 13 12 1 28 19 13 13 12 9 5 5 2 31 6 5 2 33 14 11 8 3 2 36 18 9 4 2 38 25 17 9 4 2 40 4 3 3 3 1 42 40 34 21 19 19 8 3 1 44 41 16 4 1 49 35 35 3 3 2 52 11 8 2 53 33 16 16 9 1 58 42 17 1 62 18 5 3 1 66 12 9 7 1 71 62 41 20 17 13 3 1 72 70 3 3 1 73 61 9 1 78 44 19 14 1 79 
aabbgdbbbg
106
5 5 3 1 7 2 11 6 1 16 7 2 21 19 19 5 2 26 24 3 1 29 15 5 3 3 2 34 30 21 11 3 2 37 30 28 11 2 38 23 11 9 8 1 42 40 29 21 3 2 47 11 3 2 49 11 10 5 1 50 33 33 11 7 3 1 55 35 17 2 58 43 1 60 12 6 6 6 3 3 1 65 14 11 8 4 2 67 18 17 11 7 7 7 2 71 24 5 3 1 74 21 15 3 1 76 
bhcabebhabgfeaeacgddgbd
79
5 3 1 6 1 9 9 8 1 12 4 4 1 17 11 6 6 4 3 3 2 20 17 12 2 25 24 9 3 2 26 1 31 17 8 6 4 2 35 29 17 5 2 40 16 4 3 1 43 19 2 44 34 26 18 1 49 46 14 14 10 9 7 5 3 2 50 21 12 5 4 3 2 54 38 8 3 2 56 
bhgdfbcedbadfdg
15
5 2 6 2 11 1 14 12 11 11 9 7 6 1 19 
hhaccfchbcbh
55
5 2 7 2 11 4 4 1 14 6 2 17 10 2 20 11 11 8 6 3 1 23 13 9 1 25 12 5 4 2 27 19 19 16 7 5 2 32 31 25 8 8 4 3 3 1 36 34 9 4 3 3 3 1 39 
hedddghcabddbehghc
64
2 3 2 4 2 6 2 7 1 9 1 13 11 7 6 6 1 15 5 4 2 16 10 10 9 2 18 15 9 6 3 3 1 22 8 6 1 27 19 17 17 7 1 32 23 2 33 21 18 14 9 9 2 38 28 5 1 39 13 5 5 4 1 40 
hgcgcgcdadc
32
4 2 5 3 3 1 8 6 3 3 3 3 3 2 10 9 9 3 2 11 5 5 3 1 12 9 7 6 6 6 2 14 
hbgagcbbhecccdcede
34
4 2 5 3 1 8 4 3 3 1 11 6 3 3 2 14 8 7 2 19 13 6 4 3 3 1 21 14 1 24 19 5 1 25 
dhgaecedfbhfgaah
110
5 3 1 8 6 2 13 2 18 18 3 1 23 8 1 28 7 3 1 32 21 7 1 37 24 14 14 2 42 21 12 8 7 3 3 3 3 1 46 25 24 11 1 47 47 14 11 8 5 5 1 48 35 26 16 16 4 3 3 2 53 24 10 4 1 54 12 8 2 57 57 17 5 4 4 3 1 60 51 23 4 1 65 34 20 6 3 2 67 1 72 24 8 1 76 27 19 11 8 3 3 1 80 50 48 34 20 4 1 81 
adbgfhdbfagdcehcb
5
5 4 3 2 9 
cfcfdbdachfaeadagcfhdae
148
2 3 3 2 6 5 3 1 9 2 13 8 7 4 3 3 3 1 16 10 7 1 21 7 4 2 26 1 31 13 10 2 36 8 6 4 1 41 41 12 8 2 44 10 9 6 3 3 1 49 3 2 51 42 36 29 2 54 29 29 15 10 1 55 41 40 26 16 4 4 1 57 53 37 21 1 59 18 10 8 3 1 61 61 16 11 10 4 2 62 59 35 5 4 3 3 1 66 41 12 1 70 67 58 42 13 9 3 1 72 23 14 4 4 2 75 9 4 3 2 78 28 21 7 3 3 2 79 20 17 10 1 81 36 12 4 4 2 82 1 85 34 33 5 4 3 1 90 
fdcegfeeahghgaead
23
3 1 8 2 13 3 1 18 5 3 3 1 19 3 3 3 2 23 12 3 3 1 27 
adgchgaehccedagccgbgchdgcd
83
3 1 8 5 1 13 9 5 4 4 3 1 17 12 12 6 6 2 22 1 23 7 3 3 3 2 28 14 6 4 1 32 22 15 10 1 33 11 11 10 9 2 34 4 4 3 2 35 10 4 2 38 20 7 6 5 3 3 3 1 42 41 24 11 1 44 24 13 11 8 7 3 2 49 20 13 4 4 1 54 25 2 59 
bbaafhddcde
45
5 3 1 10 1 15 6 1 17 6 2 20 20 16 10 1 21 1 26 24 18 18 3 2 31 3 1 35 12 5 4 4 4 1 39 6 2 41 35 20 7 3 3 1 42 
fbgaffgeecdecggeec
35
1 4 1 9 4 4 3 1 10 5 1 11 1 12 7 4 2 15 12 7 1 19 14 1 21 4 1 25 13 7 6 3 3 1 27 
abbfdeacbbaghbbabdadccgfcc
130
2 6 4 2 8 7 3 3 3 3 3 1 11 1 15 9 7 6 3 1 17 2 20 13 4 1 25 23 13 11 2 26 1 28 28 3 1 30 23 11 9 2 32 24 24 23 3 2 37 34 5 1 39 6 2 40 32 29 27 6 5 5 2 45 5 2 50 33 26 4 4 2 55 23 17 1 60 36 21 18 17 12 5 4 2 65 1 67 5 2 68 51 32 11 8 1 73 48 26 10 4 2 78 47 41 36 3 1 80 59 54 32 7 6 2 83 80 12 3 2 84 34 21 17 5 4 3 3 2 86 
dfecaddgbe
7
4 2 8 7 5 2 12 
fbfheeghhedgce
19
4 1 6 4 1 8 1 12 4 1 15 5 2 20 9 5 4 2 24 
hhaccfchbcbh
hedddghcabddbehghc
