17
bbcffafcadcabecdefhegbhge
10
5 4 3 1 8 5 2 13 2 17 
bddbfccadah
105
3 2 6 3 3 1 10 1 11 6 1 15 2 18 14 4 4 4 4 1 23 10 7 2 26 3 2 27 9 1 28 14 9 4 4 4 4 3 1 32 10 3 1 34 7 7 7 5 5 4 2 36 34 2 40 33 8 7 5 4 2 45 33 18 1 50 42 36 31 27 25 4 1 54 35 4 4 1 56 7 3 1 59 12 1 62 13 5 5 1 64 20 19 16 2 66 62 55 49 10 4 3 3 2 70 
hcfegbgbgdbgaacfbcabbbab
67
5 1 8 2 9 7 4 3 2 12 2 14 14 10 1 18 5 5 3 1 22 21 3 2 27 19 15 5 1 29 22 7 7 5 1 31 24 16 11 10 8 6 3 1 35 26 1 39 35 14 9 2 40 1 41 8 1 44 28 20 14 10 7 5 4 2 45 
febfehffbbdeaghdbgcafacafeg
2
1 2 
hbfbbeeghehbecbb
67
5 5 4 2 10 8 7 4 2 11 11 4 3 1 16 7 3 3 1 17 5 1 21 7 7 2 24 24 14 14 9 2 26 17 9 7 4 1 29 5 3 2 32 22 21 13 7 6 2 35 19 13 1 36 12 7 3 3 3 2 37 9 6 1 42 2 44 
bgeffaefecdgdfcbhahcffffeacb
44
1 5 1 6 3 3 2 10 4 1 11 7 1 14 6 5 5 1 18 6 5 1 22 14 2 27 1 32 26 3 1 34 31 16 11 2 36 13 8 7 6 3 2 41 
dbafcefcafdef
81
3 2 7 6 3 3 1 8 6 5 4 1 13 1 14 11 7 7 4 4 2 18 2 22 20 16 14 3 1 26 7 2 27 3 2 28 26 23 20 12 9 6 3 3 3 3 2 30 18 2 32 6 2 35 14 5 2 36 7 1 37 11 7 3 2 42 24 9 4 3 3 3 1 43 19 18 9 9 4 2 48 
edhgbcgbcdafbgfedcgdefbfh
3
4 2 9 
bdfgdcdbefgh
81
3 3 3 2 6 2 9 9 2 10 7 1 12 5 1 17 5 1 19 18 1 22 7 1 27 19 9 5 1 30 25 12 3 3 2 31 26 4 3 1 32 8 3 1 34 27 5 5 2 36 35 17 6 6 3 2 37 1 40 8 4 3 2 45 34 28 20 8 4 2 47 16 1 52 7 1 56 19 4 1 61 
gafahbaeadbggc
26
2 4 2 7 5 4 2 8 4 4 3 2 9 7 3 2 11 5 1 16 7 3 2 19 1 23 
dfdgbhaefhcbcbbeeeebffabh
164
1 6 2 7 7 5 1 12 3 1 13 9 8 4 2 17 9 6 5 3 2 19 5 3 3 1 24 11 8 4 3 1 29 10 9 4 4 1 34 32 25 11 4 2 36 16 15 5 3 2 40 31 21 1 45 24 17 16 11 11 1 48 42 39 35 28 20 6 5 2 49 41 19 1 52 47 11 2 56 45 34 18 16 3 2 61 25 25 1 65 63 2 66 7 4 3 3 2 67 11 8 1 68 53 1 70 64 13 7 6 3 2 72 29 10 2 77 10 6 1 80 30 19 3 1 83 22 18 5 5 3 1 85 61 57 13 12 8 8 3 3 2 86 67 4 3 1 88 55 50 28 11 1 89 14 3 3 3 1 93 18 10 2 96 
dbdcfefddbeghbddehedhh
182
5 1 10 1 15 14 12 4 1 16 8 4 2 19 10 3 3 3 2 20 11 2 24 17 17 1 27 27 16 1 32 30 11 1 35 9 2 37 30 22 14 11 6 4 1 41 17 16 12 5 3 3 3 2 46 40 25 13 11 9 9 1 50 10 7 6 4 4 2 51 15 7 5 2 53 27 18 14 1 57 26 3 2 62 52 47 35 29 15 14 4 3 3 3 2 64 31 3 3 3 2 66 38 28 26 25 7 6 2 70 68 50 36 36 32 25 19 9 4 1 73 32 24 1 75 6 5 2 77 20 13 2 79 39 38 18 2 82 69 66 23 1 84 76 74 8 2 86 31 10 2 87 69 27 21 18 7 1 91 16 3 2 95 49 19 19 7 7 3 1 100 66 32 15 8 2 102 25 15 3 2 107 
gdbdabeaaggadgdbahhgbffgehd
63
4 1 6 5 1 7 4 3 1 9 6 6 6 3 1 13 7 3 1 15 2 18 9 5 2 20 5 5 1 24 10 9 4 2 26 11 7 7 1 28 13 4 3 1 32 16 3 2 35 19 15 14 12 10 2 39 7 2 43 9 9 2 46 
baacdechaeedgfb
93
4 3 3 1 5 4 2 7 3 3 3 2 11 7 5 4 2 16 8 5 3 3 1 20 7 2 21 14 7 1 25 17 16 10 3 2 27 17 4 3 1 30 11 6 3 2 31 29 4 1 34 17 12 6 1 38 8 2 42 22 19 14 10 9 9 6 4 3 1 43 5 2 48 18 7 7 4 3 2 53 29 28 20 17 4 1 58 9 8 4 4 2 60 
cbacddechfc
31
5 1 9 3 3 1 13 12 8 1 17 6 2 21 9 2 24 9 4 2 25 25 2 26 7 3 1 27 3 1 32 
ebgbeegedfdebgaefefbhhegfgdd
142
5 5 3 3 2 9 8 6 5 3 3 1 11 4 4 3 2 13 2 17 16 7 5 1 20 18 11 9 3 2 23 4 4 3 2 25 14 13 6 3 2 29 24 18 3 2 33 6 2 38 33 11 4 4 2 41 41 4 2 44 2 45 5 3 2 46 44 5 1 48 11 7 1 49 28 14 10 9 4 3 1 51 17 1 55 16 16 13 3 2 57 54 35 1 59 19 5 4 1 61 15 12 2 64 57 50 45 16 14 3 2 69 46 43 12 1 72 24 18 10 4 4 3 3 2 73 14 12 5 2 76 74 50 5 2 79 28 27 20 10 2 81 
deffcdaedfee
5
3 3 3 2 6 
ebgbeegedfdebgaefefbhhegfgdd
cbacddechfc
