13
cddggfggbgcfgddbadgda
15
2 3 2 4 3 3 3 2 7 3 3 3 3 1 10 
bechgfhhghcgahabg
107
4 2 7 7 7 5 5 4 1 12 11 11 7 3 3 1 17 13 8 2 18 5 4 3 3 2 22 4 1 26 25 8 5 4 3 2 28 23 20 15 9 2 29 20 19 14 6 6 6 4 4 1 30 17 2 35 10 9 4 3 1 40 8 1 42 41 29 17 2 44 22 19 5 4 1 46 17 5 2 51 3 3 1 55 28 19 5 5 4 3 2 59 35 28 8 6 2 63 22 4 4 2 65 13 5 1 68 
aacgcheehabegfaf
76
1 2 6 2 7 3 3 3 2 9 2 11 7 5 2 14 4 1 15 15 3 1 16 5 4 4 4 2 18 16 2 22 18 7 3 3 1 24 17 5 4 1 29 9 9 7 7 6 5 1 33 3 1 36 19 17 8 1 41 9 9 4 1 42 41 7 3 1 44 42 27 24 5 4 2 45 
cgefbbdchfg
18
2 7 7 2 11 1 13 7 6 3 1 16 2 17 5 5 2 21 
dcdbgecceececddaabgcbgc
1
4 
cddbaeaacbeabaddahcgfgeehfffg
129
2 5 5 4 3 1 8 6 5 2 10 8 5 1 13 8 7 2 14 8 8 3 1 15 12 8 6 2 18 2 23 1 28 17 2 33 20 12 6 4 3 3 2 37 19 2 40 37 24 23 12 3 1 43 16 9 4 3 2 45 4 1 50 28 24 20 18 12 6 2 52 12 4 2 53 36 19 14 4 3 3 1 58 3 3 2 62 24 20 6 1 66 49 31 1 68 41 36 36 14 5 4 1 71 10 5 1 72 31 21 15 8 7 7 1 74 60 35 4 2 79 70 58 55 7 7 3 1 80 
gebffebeagdhdddhdcbafg
53
5 2 8 4 2 13 1 14 8 2 16 16 10 3 3 2 17 5 1 22 5 4 1 23 17 16 5 1 26 18 10 9 8 5 2 29 16 13 6 3 1 32 9 8 2 33 23 18 3 3 3 1 34 
dcgabadbbbegggheh
53
3 1 6 1 9 9 8 6 2 13 12 7 2 14 4 4 1 17 7 4 4 1 22 13 1 26 25 6 2 29 9 3 2 30 12 4 1 32 23 3 2 33 13 7 1 35 27 27 13 6 3 2 39 
cgfagbfebdbageh
67
2 4 2 5 4 3 1 9 7 5 3 2 14 14 7 2 16 11 4 3 3 1 18 18 12 12 11 3 3 1 23 9 2 26 23 16 15 7 6 2 29 20 18 4 2 32 11 8 8 7 3 1 36 11 1 40 10 7 1 42 5 5 4 3 3 2 46 
fdabbcdbchccaadddggcdbdghhfg
95
4 3 3 1 8 1 13 3 2 16 12 10 10 3 3 1 18 17 6 1 23 12 5 5 1 25 11 10 9 6 5 4 1 29 10 10 5 3 1 34 33 33 19 17 6 4 1 39 31 25 11 7 6 3 3 2 43 36 17 2 46 10 10 9 2 47 25 24 13 13 5 1 49 29 4 2 50 18 1 52 19 10 1 55 33 9 9 9 1 60 37 22 4 1 65 
hgbaabgcgagagabhcbbegechaa
27
4 2 9 2 13 13 6 6 6 3 3 1 14 6 2 17 10 3 3 3 1 21 11 8 3 1 24 
cfdghefgaahfb
112
5 2 7 3 2 9 5 3 3 2 11 7 2 15 4 2 16 7 5 5 1 18 5 2 22 4 4 4 2 27 11 6 5 1 30 6 6 2 31 13 13 13 4 1 33 23 8 1 37 5 5 1 38 1 43 29 2 44 19 6 6 6 4 4 2 45 4 3 3 3 3 2 48 44 30 11 8 8 7 1 52 21 17 3 2 56 23 7 1 59 15 15 9 4 2 63 5 2 65 19 19 19 5 3 1 70 43 20 14 7 1 72 
cdbgaddgddcfhbfdedecbffbaeafh
29
1 6 1 9 3 1 13 12 9 4 3 2 17 8 2 18 6 3 2 21 6 1 22 22 9 4 4 1 25 
cgefbbdchfg
cddggfggbgcfgddbadgda
