49
bacdgdgffdffcfhcdcagacceehdbegegffabbbhdaeafedhaf
339
5 4 2 10 10 9 7 3 2 13 7 3 1 15 5 1 16 2 19 19 4 3 2 23 22 9 7 5 2 26 20 18 2 27 18 8 8 3 2 32 7 6 5 5 1 35 12 8 3 2 40 1 42 34 7 7 6 5 3 2 47 10 10 7 7 1 51 49 23 12 10 5 4 3 1 55 51 15 5 5 1 56 37 6 6 1 57 52 26 12 10 7 5 1 61 29 27 10 10 8 1 65 11 11 3 1 66 60 8 5 5 5 3 3 2 70 7 6 6 6 5 5 2 74 47 4 4 3 3 1 78 61 36 5 4 4 4 2 83 66 53 16 16 15 13 12 5 2 86 41 21 19 3 3 2 90 14 4 1 95 15 14 9 9 1 100 86 71 33 28 19 10 3 2 103 6 5 4 4 2 105 78 42 34 22 9 4 2 108 102 93 89 22 1 109 85 38 10 7 3 3 3 3 2 114 82 19 14 12 10 5 4 2 119 77 54 48 38 14 1 124 48 39 29 5 4 1 127 33 29 5 4 4 2 130 61 17 3 3 1 134 25 3 1 135 118 24 24 19 6 5 2 140 127 63 60 30 24 19 13 4 1 143 86 8 6 3 3 3 1 145 126 93 59 26 8 7 5 1 149 131 73 40 34 32 31 20 15 11 5 3 2 153 89 24 20 6 6 4 1 156 88 21 2 159 10 6 3 2 162 122 58 16 10 8 6 6 1 165 132 73 6 1 168 142 116 99 38 5 1 170 62 21 18 2 175 60 2 179 
ecaggheffgdfcghdedgbdhfhaeb
97
2 4 2 7 3 2 8 7 3 2 9 5 2 11 8 8 2 14 4 1 18 18 6 1 22 6 5 5 2 26 13 5 2 27 18 4 4 1 31 19 14 7 3 3 2 32 11 6 1 37 19 13 12 2 38 32 4 3 2 40 40 38 5 2 42 10 3 2 45 4 2 46 14 5 4 4 4 1 49 6 1 52 19 16 1 55 15 11 3 2 58 41 22 9 3 1 63 
hdgheefbedfddagdbdegcgfedee
216
1 2 5 4 3 3 2 6 1 9 9 7 1 13 7 3 3 1 14 12 9 5 5 1 19 6 4 1 23 8 3 3 2 27 2 31 6 2 36 25 5 1 41 30 7 3 3 1 42 5 3 2 46 5 1 51 16 15 5 2 52 46 20 11 11 7 3 1 54 47 22 7 5 4 4 3 1 58 26 6 3 2 59 32 2 63 57 16 8 8 3 1 67 9 9 6 2 72 51 37 14 4 2 76 32 21 2 79 54 24 17 17 11 5 1 81 74 6 2 82 7 5 4 2 83 43 17 8 4 2 84 29 29 1 85 80 63 33 24 17 5 4 3 2 89 19 5 2 93 93 41 31 29 19 7 3 3 2 95 14 1 99 34 10 2 102 19 17 8 6 1 106 26 24 10 1 110 45 45 32 21 4 3 1 115 56 51 32 16 8 7 5 3 1 118 78 14 9 8 2 122 47 46 21 14 3 1 126 108 74 16 10 4 4 2 127 
dghfhfbfcbahhedhbgcfddhbgeghcgbdcehbeghecg
1
2 
bfcaedfeeadghdcaghbacgaageabchbb
269
5 3 1 6 4 3 2 7 1 11 10 1 15 1 18 18 11 5 2 23 19 7 6 5 4 4 2 25 8 1 28 27 11 11 9 5 2 33 16 14 2 35 17 10 7 1 38 30 30 28 4 1 43 33 6 5 3 2 47 3 3 2 51 6 3 2 52 37 34 19 18 7 7 1 57 21 2 58 13 12 6 3 1 61 58 17 15 8 4 4 1 66 11 2 71 57 26 26 23 6 6 5 2 72 15 10 4 2 74 62 40 1 78 64 1 80 79 78 14 9 9 7 1 85 12 11 3 1 88 21 18 3 3 1 89 57 3 1 90 72 2 95 75 13 13 4 2 100 63 34 33 1 103 90 1 107 55 14 3 2 112 36 21 7 1 116 113 91 34 24 20 19 5 1 121 1 122 111 22 12 12 4 4 3 3 3 3 3 1 123 57 28 4 2 126 42 30 17 10 10 9 4 2 129 97 63 33 21 15 4 2 131 62 47 8 4 1 134 111 34 20 17 3 2 139 128 68 33 5 1 140 134 97 33 30 6 6 2 145 96 25 12 3 2 147 13 4 3 3 1 148 98 33 15 2 150 2 152 22 6 2 153 104 66 29 9 8 2 156 
ebchecfeahcedhccgghhhafcdafb
16
5 2 9 8 2 13 6 5 4 3 1 15 10 3 2 19 
bgfdbchgfebade
37
3 1 8 6 4 1 9 2 11 11 2 15 2 17 15 3 2 19 18 2 23 19 5 4 1 28 28 21 16 2 33 17 10 7 5 1 36 
acecdbaebgbgagedadfgcgaeebgegedabfgfegbdddgf
149
2 4 2 8 8 1 9 7 6 3 1 11 11 10 8 8 3 1 15 5 4 2 18 2 20 8 7 4 4 1 22 21 3 3 3 2 25 12 9 1 28 24 2 32 1 35 19 10 4 2 36 17 9 7 6 5 5 4 1 37 12 11 11 2 38 1 42 3 1 43 28 3 3 2 45 10 7 1 46 6 2 47 44 43 41 32 25 6 2 49 30 3 2 52 46 4 4 4 2 54 51 21 16 11 3 1 59 21 14 7 7 6 5 1 60 39 39 11 9 7 2 65 56 39 8 7 1 66 4 3 3 2 69 61 5 2 72 43 12 11 4 2 77 77 25 22 15 1 79 
cbcecdehbggghcfahbgfcebccbddcdaeff
69
3 2 4 3 1 6 3 3 2 11 2 15 10 10 8 2 17 11 8 4 2 20 2 25 12 2 27 7 5 3 2 29 10 5 4 1 30 13 5 3 2 34 32 7 6 3 3 3 3 3 1 38 24 10 6 5 2 39 34 30 8 3 3 3 1 42 3 2 43 
eabchfgaaadfceffagfhda
98
2 7 5 2 12 6 3 1 13 10 1 18 13 9 4 2 23 1 27 13 6 4 2 28 26 24 20 17 15 2 29 20 12 6 2 34 32 14 3 3 2 39 19 12 4 1 43 29 13 5 3 2 47 22 22 4 1 52 38 14 5 1 57 46 46 40 14 6 4 3 3 3 3 3 2 62 16 13 4 1 63 9 7 2 68 36 22 7 7 6 1 69 40 6 4 3 2 72 
ahafbgbfdaebdhhbbggafgdccdgbehdagahcahhebfhhcfagh
430
4 2 9 5 1 14 2 18 3 2 23 4 2 24 2 25 9 7 4 4 2 29 25 17 7 2 33 19 18 9 1 36 18 14 13 6 5 3 2 40 10 1 45 41 1 48 24 22 13 1 52 51 43 22 14 8 5 4 2 54 14 13 7 2 57 26 21 19 2 62 32 10 8 6 5 2 63 7 1 66 49 30 25 4 4 3 2 71 65 13 12 12 11 2 75 54 42 19 3 1 79 57 27 7 5 3 1 81 18 14 1 85 73 66 44 28 27 4 3 1 88 51 22 15 6 3 1 92 11 7 4 3 3 3 2 96 58 58 33 15 11 5 2 99 10 9 5 3 2 100 66 17 8 4 4 3 1 104 18 6 4 3 1 105 14 3 2 108 106 105 48 29 2 112 86 18 15 11 4 3 3 3 3 3 2 115 52 8 2 117 12 1 119 65 25 13 7 6 3 1 124 81 54 17 12 9 7 5 5 1 127 28 13 3 2 128 91 16 13 8 7 3 1 133 2 137 11 7 7 4 3 1 139 62 23 1 142 138 95 25 23 14 4 1 143 130 110 52 46 17 7 4 2 144 84 29 13 11 1 145 45 38 19 11 2 146 57 16 2 150 110 102 99 71 28 2 153 104 41 31 13 3 3 1 155 47 34 16 9 2 160 61 12 5 5 1 161 102 99 38 21 20 7 2 162 16 11 4 4 1 166 131 62 25 21 17 8 3 2 171 134 112 66 45 4 3 2 173 166 103 4 3 1 177 146 64 40 40 37 23 20 7 3 3 2 180 127 107 35 29 29 4 1 182 108 64 46 17 10 5 1 186 66 18 15 12 7 1 188 145 27 4 3 3 2 191 35 32 27 21 10 3 3 1 195 156 152 97 46 31 1 199 33 31 24 5 4 3 1 203 101 27 14 2 205 186 74 57 20 16 7 2 207 108 10 5 3 1 212 86 32 14 3 2 214 63 5 5 1 219 
caffbfbddhfgcdcebadffdcdecgagcafhdadadgcccfedcf
176
1 3 2 6 2 10 3 2 14 7 5 3 1 15 7 4 1 19 10 6 1 24 3 3 1 27 11 6 2 28 19 11 11 3 2 33 29 22 8 8 1 35 5 3 2 39 2 42 22 9 1 43 24 1 45 10 2 47 7 7 6 4 1 51 10 6 6 4 3 1 55 48 43 16 5 5 3 2 57 57 48 40 28 2 58 33 22 12 9 9 7 3 3 3 1 60 36 7 6 1 65 31 27 3 2 69 52 25 11 8 6 5 2 71 55 20 14 13 10 3 3 2 72 38 7 4 1 76 23 3 3 3 3 3 1 79 38 9 2 81 34 14 1 82 75 58 38 30 6 1 86 37 1 89 57 7 5 5 2 93 24 10 7 3 2 96 75 9 4 2 99 58 51 9 2 101 
agfbeedfbhbbabefefgcdggceafdagh
248
2 6 1 9 6 2 14 7 3 2 19 8 2 21 4 4 4 4 4 1 22 16 3 3 1 23 5 5 3 1 25 14 1 30 22 20 7 7 6 1 35 17 10 6 5 3 3 1 37 23 18 3 3 3 3 3 3 2 42 5 4 1 46 34 10 1 47 28 15 7 5 4 1 48 23 11 7 3 3 3 2 50 47 42 20 2 52 28 13 10 4 3 2 56 55 43 23 2 61 18 14 10 8 4 2 63 23 21 9 4 4 3 3 2 66 44 27 4 1 70 6 4 1 73 43 20 5 4 2 77 51 15 11 11 6 5 5 3 3 2 78 14 5 2 83 49 32 27 7 1 84 63 36 16 14 4 2 87 68 3 3 3 1 90 19 12 3 2 94 37 27 11 8 2 98 60 36 10 1 100 79 52 19 13 6 5 3 2 104 58 24 2 108 90 12 12 3 3 1 110 17 15 1 113 31 6 6 2 118 50 34 27 15 9 7 4 2 121 10 1 123 11 1 127 35 16 11 6 2 129 115 42 18 8 3 1 130 61 61 52 46 15 9 4 4 3 2 133 
behhdgagfc
194
3 3 2 8 6 3 3 1 11 11 5 2 16 16 7 3 1 18 12 5 4 2 19 3 3 1 23 8 8 5 3 1 24 16 7 3 1 25 3 2 29 21 13 9 3 3 3 2 33 7 6 5 4 2 36 29 13 11 2 39 15 11 3 1 42 7 3 3 1 45 24 3 3 3 2 49 24 24 20 6 6 6 1 52 33 24 23 13 13 8 6 3 2 56 30 10 3 3 2 60 36 14 9 2 62 21 21 7 3 2 64 5 3 1 69 64 38 10 5 5 2 72 70 55 22 21 8 8 3 3 1 76 75 30 28 23 7 4 3 2 77 57 28 10 2 80 35 5 4 3 2 84 46 37 17 7 1 85 28 23 23 15 3 3 2 87 54 42 2 92 64 59 14 11 2 94 19 6 6 5 2 96 94 43 3 1 101 14 1 102 20 3 1 106 
gbadcggfgfaecdaadhheehgeheccggegdgdaechc
202
3 2 4 3 2 6 6 6 4 2 9 3 3 3 1 12 11 2 13 13 5 5 1 15 7 4 1 18 18 3 1 23 2 28 23 5 2 31 3 2 36 34 28 8 2 41 5 4 3 3 2 44 35 29 26 9 2 48 8 3 1 52 29 17 5 1 56 2 57 44 43 17 3 1 60 58 39 35 24 11 8 4 4 3 2 61 2 62 51 16 16 8 8 6 2 64 55 54 53 36 24 7 7 7 6 3 2 68 54 41 20 20 8 7 2 69 38 18 2 70 65 11 6 4 3 1 72 53 3 1 77 61 54 12 4 3 2 80 60 10 8 7 7 1 81 62 13 3 3 2 83 32 17 15 4 3 2 85 76 60 12 6 1 89 2 93 89 51 39 1 95 20 7 2 99 65 58 39 21 19 11 8 7 4 3 1 101 78 66 35 1 103 16 12 9 2 106 57 38 6 2 108 
fahchbhahffdchebdcgcdebed
203
5 3 2 6 5 3 2 7 7 5 5 4 4 3 2 8 4 1 10 10 4 1 15 3 2 16 14 6 5 4 2 17 14 2 18 18 4 4 1 23 21 15 7 1 28 4 2 29 25 4 1 34 8 2 36 16 12 2 39 9 1 42 34 31 26 11 1 46 19 16 7 1 50 49 23 3 3 2 51 1 52 32 8 6 3 3 1 57 11 6 1 59 24 15 3 1 61 7 1 65 16 9 7 7 2 70 21 4 3 1 71 67 21 14 4 2 74 34 6 1 75 2 77 45 13 6 2 80 16 4 2 85 56 20 1 90 70 60 4 2 94 38 36 14 7 1 96 9 2 97 43 33 2 98 97 64 25 12 3 1 103 40 38 5 1 104 73 29 9 9 3 2 107 54 24 4 4 1 111 88 85 19 4 1 115 94 53 17 9 2 118 24 13 3 2 120 82 34 29 15 6 1 125 
hdaaafbbbbe
267
4 4 1 9 8 7 5 1 14 12 4 3 1 16 2 19 10 8 4 3 2 21 12 4 3 1 25 19 1 26 8 4 2 30 25 18 14 6 3 3 2 32 7 6 1 36 33 22 9 8 1 40 33 28 20 20 3 2 44 41 19 10 3 2 47 21 15 15 8 2 49 31 28 24 9 3 3 1 53 42 40 26 20 14 9 5 1 58 26 20 14 1 61 28 18 12 5 4 2 64 64 30 2 68 35 34 29 9 2 71 67 38 19 15 8 5 5 5 1 75 64 25 2 76 42 10 2 81 3 2 86 45 40 27 23 20 1 87 22 21 5 1 91 12 5 5 4 3 1 94 15 2 99 11 3 2 100 83 50 15 8 8 8 4 4 2 105 4 3 3 1 107 65 24 19 8 5 2 110 17 10 8 4 1 111 56 15 7 1 115 106 46 39 27 27 24 16 2 117 31 13 7 1 120 108 92 81 68 31 5 4 2 125 53 32 15 14 14 14 1 126 50 35 31 21 17 11 3 2 129 112 34 23 3 3 1 131 93 1 134 70 60 25 20 20 18 5 4 1 137 103 81 59 15 13 7 6 1 140 34 34 32 27 15 3 2 144 
faggeggdbggaahegaddabcbhbggadcfacbaefaggbchdhf
386
4 2 6 3 2 10 10 2 12 7 2 15 14 11 7 1 16 13 1 17 3 2 22 22 20 8 6 5 5 1 27 23 14 8 3 1 31 28 16 11 8 4 3 1 32 24 1 35 14 5 5 3 2 40 39 33 10 7 6 2 45 23 6 6 6 4 3 2 50 49 45 40 22 19 14 5 4 1 54 54 9 3 1 55 41 16 13 13 13 4 3 2 56 36 29 19 4 3 2 60 10 1 64 17 5 1 66 47 47 13 7 5 5 3 1 68 32 20 10 10 7 3 2 73 13 10 2 78 29 21 10 9 3 3 2 80 29 25 22 21 20 10 6 3 1 81 25 15 12 10 5 1 82 9 5 1 85 65 55 51 9 7 1 90 38 3 1 91 70 7 1 92 48 33 32 21 12 7 6 4 3 2 97 30 29 15 11 7 4 1 99 56 3 1 103 89 31 17 14 2 108 1 109 44 21 6 4 3 3 3 1 110 7 3 3 1 114 82 46 1 115 48 40 5 1 117 71 19 9 3 1 118 47 42 22 2 123 12 2 127 33 11 11 9 7 6 5 1 132 48 40 22 14 12 6 4 3 1 134 70 48 22 11 4 4 4 1 139 47 7 6 2 141 6 3 2 145 107 96 39 28 15 3 3 2 148 1 152 99 5 1 154 122 97 7 4 2 158 80 63 62 56 5 4 4 3 1 163 51 1 166 107 101 72 65 43 8 4 1 168 137 50 27 13 9 5 1 171 14 8 5 3 3 2 174 98 31 27 27 10 4 2 177 101 101 37 26 12 1 178 39 31 16 5 1 181 4 1 182 159 79 8 6 2 183 115 30 30 30 22 4 4 3 1 188 25 22 15 6 1 190 87 15 4 1 191 
hfdhfbfagcdccdehccfehfegfgheedgddbah
26
1 3 1 6 6 3 1 8 3 1 11 6 1 14 13 3 2 15 11 8 8 6 1 19 1 21 
dheffcaeggehd
203
4 1 5 5 3 2 8 4 4 4 2 13 11 2 15 14 9 7 1 19 7 1 21 21 14 4 1 22 1 24 19 3 2 25 23 11 2 30 11 8 2 35 32 6 1 38 5 3 3 2 41 16 3 2 46 3 3 1 51 44 25 13 2 53 38 36 25 14 3 2 56 51 31 4 2 60 31 22 22 1 64 29 18 2 65 22 7 7 2 66 53 28 12 3 2 69 14 3 2 74 20 2 79 73 3 2 83 46 11 6 5 4 1 84 50 33 5 1 85 3 2 88 34 13 2 91 50 18 16 14 8 8 4 2 95 69 61 14 3 3 2 100 57 29 23 6 1 102 46 14 10 4 2 107 87 10 3 1 108 73 60 24 22 15 13 6 4 3 1 112 32 24 23 16 5 3 3 2 114 26 24 22 20 5 3 2 118 48 32 2 121 73 43 36 2 122 65 41 31 5 3 2 123 
bgbegecfagbffgdegfacch
114
3 1 5 4 4 3 1 6 5 3 2 8 4 4 2 10 2 15 9 2 18 8 8 3 3 3 1 23 3 2 28 17 1 29 1 34 4 1 39 6 2 42 36 4 4 4 1 47 45 40 11 2 48 32 1 50 19 10 4 1 53 36 14 5 2 57 56 22 12 7 1 62 27 14 3 2 63 49 2 65 47 14 4 3 2 68 64 22 7 7 5 5 2 73 47 44 43 28 27 23 7 7 6 5 4 1 76 40 6 1 80 78 2 83 
fhfcgbbdeaegfbhbgcdhc
92
2 4 4 2 8 7 5 5 2 11 1 14 5 5 4 3 1 17 10 1 18 8 5 1 20 10 1 22 14 11 6 4 3 1 26 22 18 12 4 2 30 30 18 5 5 5 5 5 5 2 34 16 6 4 4 3 3 3 1 36 1 37 16 2 39 15 7 6 6 3 2 43 23 15 1 45 38 6 3 2 50 33 18 9 3 1 54 50 24 13 2 57 
fdaedacgcdab
95
4 3 2 6 2 11 11 4 4 3 1 15 3 3 3 1 19 15 11 9 8 2 23 20 20 12 6 1 28 19 5 5 3 1 32 18 18 1 37 28 16 7 5 1 39 10 9 8 2 42 32 31 9 1 44 27 1 46 2 50 25 10 2 53 42 14 4 4 1 56 55 40 33 14 4 3 3 1 61 28 16 1 66 30 28 5 5 2 68 66 44 34 24 1 69 
dadfeaebhaehbgbc
25
3 1 7 7 4 4 4 4 4 1 8 4 2 11 6 6 2 13 5 4 3 3 3 2 16 
afcdefefgabacfbgcdbad
44
5 4 4 1 10 8 7 6 3 2 11 4 4 1 16 13 5 1 18 6 1 19 10 9 5 5 5 3 2 24 6 1 26 4 2 27 4 3 3 1 31 22 2 35 
ghgbdhbceggadefaehadhbddfdcbhhagdefabfga
100
3 2 4 3 1 8 6 5 4 3 1 9 1 10 6 5 4 1 12 4 1 15 6 5 2 19 11 8 2 20 17 9 5 1 25 3 2 30 2 35 5 2 40 19 19 3 1 44 41 27 23 7 4 4 4 2 49 19 2 54 24 18 2 55 3 2 59 51 5 5 2 62 59 9 1 67 13 7 1 69 63 59 29 2 70 24 17 6 1 73 39 25 19 18 14 5 5 5 1 74 
gaghdeddchhhefegeaaccce
5
5 5 3 1 8 
edfhccbgbecabgegagfbgheddf
8
2 7 6 6 1 9 1 14 
fadgeaeedeabheadbheefdg
243
2 7 2 9 2 10 6 2 13 5 1 18 3 1 21 17 8 8 2 25 23 23 23 16 11 7 5 4 2 26 16 2 27 11 1 31 3 3 1 35 21 2 40 40 2 44 41 33 25 25 5 5 2 48 28 8 5 1 52 31 26 23 2 54 45 1 59 42 39 1 64 30 4 3 1 68 43 15 9 8 8 6 3 1 73 55 44 13 12 8 2 78 67 24 4 3 3 1 82 60 25 8 8 7 4 1 83 81 29 22 5 5 4 4 2 87 53 18 5 3 2 92 48 13 2 97 26 13 13 13 1 100 43 1 103 66 9 4 1 107 60 56 5 2 110 92 82 6 4 2 111 90 67 30 14 6 4 2 116 64 32 22 15 13 13 13 9 1 119 72 44 19 13 6 4 2 121 82 58 9 3 2 122 69 20 19 11 7 1 125 45 32 4 2 127 32 27 1 132 100 10 2 136 66 1 139 127 28 10 1 142 66 22 21 16 5 4 1 143 31 29 15 9 1 144 144 129 113 85 51 16 13 11 6 1 147 7 2 148 5 5 1 150 
aadaaaadffdffcaadcegbdgaefbgacfhbgbhbhaefe
110
3 3 2 8 6 1 13 13 7 2 17 5 1 20 15 3 1 22 18 4 4 3 3 2 25 2 30 7 4 4 2 35 2 40 9 6 1 44 32 2 45 16 1 50 3 3 2 54 27 15 12 2 57 27 12 8 4 4 1 62 27 6 2 66 4 3 1 71 10 4 3 3 2 74 59 3 3 3 1 78 71 65 45 22 6 5 1 80 20 20 7 4 1 81 21 3 1 85 66 28 7 5 3 3 1 88 26 5 1 92 
cdedabahcacaefadhhgchhcfhhacffeghbhhbhggaf
343
2 6 3 1 8 2 9 6 1 14 1 18 7 3 1 19 1 20 5 1 23 8 2 25 8 4 2 30 9 1 34 21 18 8 6 4 3 2 35 25 16 12 4 4 2 40 29 5 4 4 4 1 41 24 7 4 4 1 44 21 12 5 5 1 46 41 38 12 3 2 49 9 6 3 2 53 23 3 2 55 22 14 13 9 2 56 56 23 7 6 3 2 59 42 8 7 1 63 40 23 4 2 65 7 7 1 69 17 13 4 3 2 72 4 2 76 56 9 2 80 16 13 13 9 3 2 82 29 21 9 8 1 83 46 26 10 8 8 6 3 3 3 2 86 54 4 4 1 87 46 8 2 91 69 58 23 22 10 5 4 2 96 58 58 7 3 3 2 99 78 40 36 29 4 1 102 63 42 11 8 2 103 8 1 104 104 4 4 2 107 54 30 11 10 8 2 112 73 5 4 2 114 86 15 1 117 33 17 7 2 118 116 6 1 121 105 101 81 36 32 28 18 10 9 6 5 4 4 1 124 26 7 3 3 1 125 37 13 12 7 1 130 57 54 45 25 20 15 7 1 132 112 44 15 15 12 11 10 4 3 1 134 104 23 22 5 1 138 52 50 24 8 5 4 4 2 140 93 18 13 1 145 74 17 16 6 5 5 4 3 1 146 42 34 31 19 12 8 7 2 149 141 83 15 14 9 2 152 113 59 14 1 157 6 1 158 46 1 161 20 12 10 1 166 153 3 3 2 168 35 4 2 172 95 33 18 9 9 9 9 4 2 177 
fhfabadcbefbdhebaebfdcbehfedgfafafhfaheegfg
10
1 3 2 5 1 9 9 9 1 11 
efagcadhcfbcaaabcfechefhdghdafahcgfbdehbccffeccdf
370
4 3 2 6 6 2 7 7 3 1 8 1 13 10 3 1 18 11 11 5 3 1 22 19 17 6 1 24 10 9 6 1 29 26 12 9 6 4 4 1 33 8 7 6 5 1 37 6 3 3 3 3 1 42 19 5 4 4 1 46 28 21 3 3 2 47 24 23 3 3 1 52 19 6 2 57 37 2 60 23 10 10 7 1 64 52 28 21 18 7 7 4 1 68 56 3 3 3 2 73 54 30 24 5 2 78 57 21 5 2 79 49 18 12 2 84 26 21 2 88 41 37 12 10 6 5 3 3 1 92 6 3 3 3 3 2 96 25 6 6 2 98 62 46 32 27 5 3 1 99 64 14 2 100 43 42 41 35 17 8 1 105 53 14 2 107 77 54 29 13 1 110 110 16 7 2 114 23 7 4 2 117 48 38 14 3 2 119 107 98 44 41 37 23 17 3 1 123 59 50 15 15 8 4 2 128 32 28 27 18 2 129 97 23 5 5 3 3 1 134 8 8 8 8 5 2 137 116 110 16 10 5 3 2 140 9 7 4 2 142 63 32 30 12 1 145 109 37 15 5 4 1 149 91 49 22 3 3 3 3 2 153 87 87 77 31 16 16 9 1 155 89 28 28 3 1 160 81 31 30 13 9 3 3 1 162 24 8 3 3 3 2 163 53 8 2 168 82 69 24 2 171 70 32 8 2 173 133 74 74 14 14 1 177 63 9 1 180 150 106 38 15 5 4 3 1 183 98 23 8 6 2 184 91 38 34 31 3 2 185 124 86 20 11 5 2 186 40 20 7 7 7 7 2 190 144 140 36 2 193 112 71 53 53 22 10 7 5 2 194 
dghghchecfheabhbgeefefddc
230
4 4 4 3 3 2 7 4 3 2 12 10 4 3 3 2 16 15 11 3 1 17 3 3 2 18 18 18 4 2 21 16 11 9 1 25 10 8 4 3 3 3 3 3 3 1 30 1 33 28 16 14 8 6 4 3 2 36 2 37 12 3 2 41 9 3 2 42 17 4 3 2 43 22 22 3 2 48 9 9 9 6 3 1 53 3 2 54 1 57 16 7 5 1 58 24 12 12 7 2 63 9 6 4 3 2 66 9 3 3 3 2 70 27 8 4 2 71 22 13 8 5 2 74 55 48 24 15 13 13 9 9 7 3 1 76 6 6 2 77 25 11 2 82 10 8 5 5 3 2 87 77 3 1 89 50 13 12 4 2 93 35 14 8 3 3 2 98 14 13 8 2 99 17 9 9 4 4 2 103 20 12 3 3 2 108 22 5 3 3 3 3 1 113 104 103 36 27 19 7 4 2 116 27 7 5 4 3 2 121 115 51 8 6 6 2 126 37 36 30 3 2 129 96 15 11 3 3 2 132 
cgeedbahcgcgabhecfbfdacceheggbdfe
127
3 2 6 3 2 9 6 1 14 3 1 19 11 4 4 2 22 6 4 4 3 2 27 19 6 1 28 3 2 31 12 5 5 2 35 19 2 39 13 4 3 1 44 29 16 1 45 22 13 2 48 14 5 2 52 21 3 3 2 56 31 30 30 24 9 9 1 57 18 16 12 4 2 61 36 11 8 4 1 64 6 3 3 1 68 15 4 4 4 2 71 14 1 72 5 1 74 64 2 75 38 5 2 77 40 3 1 79 1 80 47 41 19 7 3 2 84 19 15 3 3 3 2 88 35 1 92 
hfdebfbacdeaafhhbgffgfdhcbafdaecchcedddbgh
205
5 3 1 8 3 3 1 10 9 2 12 12 1 17 14 14 6 1 20 5 1 23 7 7 7 1 24 13 1 28 21 10 4 1 32 7 4 3 3 3 3 3 3 3 3 2 37 1 42 3 3 3 2 45 2 46 21 2 50 17 8 5 3 3 1 55 51 26 26 21 20 19 12 7 6 1 60 24 5 2 61 5 3 2 63 14 10 5 2 68 16 15 2 69 23 10 9 1 74 50 14 7 5 4 2 75 49 34 13 6 1 77 58 34 27 27 10 1 79 79 31 23 3 2 84 22 20 17 9 6 4 3 3 1 88 71 60 19 17 16 10 3 1 89 17 13 1 93 11 11 1 94 49 10 10 1 96 85 77 42 28 21 1 101 94 76 59 57 50 33 7 3 1 103 12 11 6 6 3 1 107 98 13 1 108 9 1 110 59 15 10 8 7 4 4 4 4 2 112 24 24 21 3 1 115 
gdffeffchhcfeahcdfgd
234
2 3 3 2 4 3 3 3 1 8 4 4 4 1 12 1 16 5 3 2 17 12 3 3 1 18 1 19 12 4 2 20 16 10 5 3 2 25 25 20 11 8 4 4 2 27 25 8 6 6 2 30 22 2 33 25 24 13 8 8 3 3 1 35 23 21 19 12 4 2 40 21 19 10 6 2 44 21 7 7 1 49 27 7 3 3 1 51 9 5 5 2 52 37 33 13 10 5 2 56 31 8 8 6 1 61 34 19 14 10 1 64 47 4 1 65 14 9 6 2 69 62 49 1 74 16 12 6 1 75 5 1 78 58 14 6 3 2 81 12 6 1 85 21 5 1 87 5 4 1 91 27 26 6 1 94 93 26 26 7 6 1 96 75 7 2 99 31 30 18 8 7 5 1 102 89 67 24 15 5 5 4 4 1 105 84 57 33 7 7 7 5 5 4 3 1 106 13 4 1 111 8 3 2 113 6 4 1 117 63 8 8 1 118 109 72 71 69 63 45 29 1 122 98 80 36 6 6 3 1 123 26 1 124 
bbbhhhcgbhhcebhh
46
4 3 2 5 1 10 10 1 11 9 8 2 12 3 3 1 15 8 1 19 11 1 20 19 19 1 24 18 4 1 26 3 2 28 25 21 9 5 3 2 32 18 14 4 1 33 
gcbgabfefhgceeedggbcbfdebggbbgggacgdgghadehhbgdg
216
2 3 1 7 1 10 7 4 4 2 13 11 1 16 14 1 19 15 13 6 3 3 1 21 18 15 15 12 6 4 4 3 1 24 13 2 26 3 3 1 27 17 15 9 3 2 32 7 3 2 35 27 15 13 12 10 6 5 1 37 35 11 8 5 1 40 26 8 7 3 1 41 32 14 9 5 1 46 33 6 4 3 1 51 4 2 55 47 22 19 16 5 2 60 45 38 30 9 3 1 65 60 48 1 70 32 20 1 71 20 1 74 2 75 75 37 23 3 2 77 9 5 5 5 3 3 3 3 1 79 17 4 4 4 3 3 3 1 80 69 41 20 9 7 4 2 82 52 29 4 4 2 87 23 14 11 9 6 2 92 23 20 20 17 15 8 1 97 19 15 7 4 2 100 29 8 4 4 1 102 82 60 3 2 106 98 82 73 61 28 9 6 3 1 111 89 18 15 10 8 5 2 114 108 39 35 14 14 14 10 10 9 6 3 1 116 
bdbagheeedfaafedefcdfbgbhba
138
1 5 2 7 2 9 6 2 13 4 3 1 16 16 10 1 17 1 22 1 27 12 12 8 7 3 3 1 31 17 1 33 17 6 4 1 37 34 4 4 1 40 16 5 5 4 2 42 18 10 9 8 2 47 29 4 1 52 52 18 17 11 8 2 55 43 8 4 4 3 2 60 20 16 2 61 29 12 3 1 62 39 17 5 5 1 66 6 2 69 6 1 70 40 16 7 4 3 2 74 42 40 16 11 8 8 8 6 1 78 65 41 17 3 1 80 66 39 33 23 18 1 85 46 11 10 9 7 1 90 58 28 15 12 11 4 1 91 
ddhfgaahbhg
24
5 1 9 4 3 2 14 6 4 4 4 2 15 14 10 10 6 5 4 2 19 10 2 24 
gddchcbecgehbfhdfbedhggcbecgeffhabfchcdfca
126
1 6 6 1 8 5 4 1 13 10 9 6 1 17 10 4 4 4 3 1 19 15 9 3 3 2 23 18 6 6 1 28 25 14 12 11 9 6 4 1 29 20 4 3 1 30 21 12 7 2 34 19 17 4 1 39 35 11 6 3 3 2 40 16 16 7 6 6 4 1 43 11 2 48 27 1 51 51 5 1 54 7 1 58 42 12 2 60 55 5 1 62 22 20 3 2 63 5 2 67 15 2 68 16 5 3 2 72 58 23 21 6 3 2 75 65 1 76 25 25 22 5 5 3 2 80 
aadacecfafghdhddfbdgaeghgdbaefcbacccbbgcbchhgb
302
4 1 9 3 3 2 11 7 5 4 4 4 2 15 3 3 3 3 1 19 17 1 24 19 16 9 7 6 2 26 5 4 2 27 26 26 12 9 8 8 2 32 12 6 1 35 8 1 37 21 1 38 29 18 18 6 4 3 3 1 43 1 44 32 32 5 5 4 1 49 24 2 54 11 3 1 56 51 25 5 4 2 59 18 10 8 3 2 62 55 47 27 5 5 3 1 65 3 2 69 44 43 5 5 1 74 6 1 76 54 7 7 5 5 5 3 1 81 80 75 18 16 5 1 83 20 4 2 84 56 25 16 5 4 2 89 63 27 11 5 5 4 4 3 2 92 28 23 11 3 2 97 37 36 32 7 6 2 99 36 36 15 13 5 5 5 4 1 100 53 27 22 14 11 4 3 3 1 102 21 10 5 3 3 1 107 56 39 22 7 5 1 110 3 2 111 40 23 21 1 113 30 25 21 6 3 2 114 22 3 3 1 118 79 46 6 1 120 58 25 11 11 6 6 5 3 3 1 124 82 35 28 27 3 2 125 103 88 79 34 30 1 129 109 1 133 62 12 5 5 5 5 3 2 136 14 14 2 141 47 6 2 146 18 10 6 2 147 22 7 4 1 148 90 24 2 150 96 62 3 3 1 151 19 19 3 1 155 151 60 24 19 12 3 1 158 55 54 8 8 1 162 
cehhebehdbdhhfbdbcgdhcacceddga
219
4 1 5 3 2 8 5 3 1 11 11 2 15 1 18 2 20 12 2 22 1 23 21 12 10 7 2 28 27 20 14 3 3 3 1 31 26 10 3 1 36 24 3 2 38 1 41 41 19 9 2 44 35 3 2 49 9 6 2 53 30 16 4 1 58 34 12 1 62 5 5 5 4 3 1 64 35 30 8 7 5 4 4 4 4 1 65 41 8 5 2 69 53 26 1 74 20 6 5 1 79 30 15 12 10 3 1 81 73 1 82 52 5 2 85 22 6 6 6 1 88 85 53 19 2 92 74 74 10 5 2 93 27 3 1 95 46 25 16 13 11 1 99 43 30 10 5 2 102 82 21 8 1 105 92 52 3 2 108 33 6 3 2 109 87 16 14 5 4 2 110 73 57 35 21 7 3 3 3 2 111 44 17 14 14 12 3 2 112 5 3 2 115 105 42 37 4 2 116 60 22 16 4 1 120 114 67 36 34 15 13 1 125 100 77 16 12 1 129 
abffceafdcedfdchbceacghhcgdeddagffcdggbdbdcafdf
87
3 2 7 1 8 4 4 2 10 8 1 14 5 4 3 2 17 17 7 3 2 18 11 7 7 6 5 1 19 2 20 14 9 9 7 6 1 23 20 19 17 3 3 3 1 26 23 6 4 1 30 1 35 22 10 5 5 2 39 34 10 2 44 32 26 8 6 2 45 34 3 3 3 1 49 24 5 5 3 3 1 51 2 54 12 2 58 
eeffcfdhebcfbhfddacbbchdacfgfghg
279
4 3 1 7 6 1 9 9 3 3 1 12 9 2 14 9 7 4 2 17 12 9 9 5 2 20 1 25 7 6 3 3 2 26 13 3 1 31 3 1 33 28 24 13 2 34 2 35 32 8 3 1 38 38 24 17 8 7 2 41 31 27 14 13 3 1 46 39 32 3 2 48 29 27 27 24 8 2 50 20 9 4 3 2 51 40 18 4 4 2 53 42 7 2 57 48 14 1 59 59 23 15 13 8 4 4 3 3 2 61 53 51 24 11 3 3 2 63 49 22 8 4 2 65 63 10 6 4 1 69 7 4 1 74 45 24 1 75 70 37 2 78 68 21 12 4 4 4 2 83 41 28 23 2 85 35 1 90 32 5 3 1 94 82 63 57 15 7 5 2 99 90 50 20 16 8 5 3 3 3 2 103 73 18 17 12 5 2 106 70 47 30 2 111 33 31 28 9 8 8 3 2 114 80 68 44 16 6 3 1 116 18 17 1 120 78 7 5 3 2 124 112 14 2 129 118 19 15 3 2 131 72 51 32 25 1 133 19 3 2 137 107 84 44 41 25 4 4 1 139 14 14 4 2 143 110 79 77 64 58 57 1 148 76 60 31 26 4 3 1 150 138 96 89 30 19 5 1 151 
aagcdfhcgdacdgebdfabedcbgbadfbcfdbagbdhcfh
141
1 2 6 1 10 5 1 15 7 1 17 16 15 7 6 3 2 20 14 11 9 5 2 22 17 13 13 8 3 2 27 13 11 7 3 3 3 1 31 21 17 5 5 3 3 3 1 32 20 4 3 3 2 33 23 5 5 5 2 36 9 8 1 39 1 42 38 28 15 11 8 7 7 4 2 46 13 9 7 2 48 18 18 14 3 2 50 25 16 14 11 1 52 2 55 2 59 38 4 4 2 61 45 9 9 3 3 2 66 9 1 70 35 35 7 4 2 73 21 7 2 77 75 23 22 16 16 13 13 7 3 2 80 4 4 4 2 83 7 2 86 
hfhbaaaedhbbbgedcdfgefehegbhbcdbbbegeecahfe
298
4 4 2 6 4 2 9 3 2 11 9 8 4 3 2 15 15 10 8 4 3 1 20 4 1 25 3 3 2 30 16 15 11 9 1 35 1 37 37 3 3 1 42 1 45 22 10 3 3 2 50 42 27 22 17 12 10 10 8 1 51 16 2 53 36 1 57 12 4 4 1 62 33 17 8 2 63 12 5 1 64 50 4 3 3 3 3 1 65 40 11 11 9 5 2 67 27 3 2 68 62 12 2 72 65 43 6 2 73 19 14 5 1 78 21 1 83 43 5 2 86 39 11 1 89 48 48 40 25 17 3 3 1 92 69 39 38 13 3 1 94 6 4 4 1 99 84 1 102 3 1 103 23 3 1 106 24 12 4 3 1 110 91 75 67 37 28 21 4 4 2 114 38 6 2 117 20 6 3 3 3 3 3 3 1 122 36 30 11 4 1 126 110 49 1 127 52 40 23 6 2 130 9 8 2 131 44 20 1 134 130 28 22 4 4 4 3 2 138 35 7 6 5 4 3 2 143 98 73 71 54 11 2 148 8 5 2 151 109 44 26 25 24 2 156 45 44 35 31 26 24 10 7 4 4 1 160 51 12 9 4 3 3 2 162 45 33 10 3 1 166 31 12 8 7 1 170 48 26 24 15 13 8 2 173 105 58 51 32 2 178 8 5 1 181 3 1 186 
eaagcaaabdfabggchcefcgdbdbga
85
5 2 6 4 1 11 1 15 6 3 1 19 2 20 4 4 3 3 2 24 12 1 26 8 8 4 4 2 30 19 18 10 10 5 1 33 22 13 10 6 1 38 29 5 3 1 43 27 21 21 16 12 9 9 5 4 4 2 45 5 2 49 27 15 2 50 44 38 37 14 1 53 2 57 41 39 16 14 2 60 39 32 4 2 62 
agfbeedfbhbbabefefgcdggceafdagh
acecdbaebgbgagedadfgcgaeebgegedabfgfegbdddgf
